  1.5e1      5    5.5    7.5     8     1e1  1.3e1  1.4e1  1.5e1  1.4e1
  1.3e1  1.2e1 1.15e1  1.1e1  1.1e1 1.15e1  1.2e1 1.25e1  1.3e1 1.35e1
 1.40e1 1.45e1 1.45e1 1.45e1 1.45e1 1.50e1 1.50e1 1.50e1 1.50e1 1.50e1
 1.50e1 1.50e1 1.50e1 1.50e1 1.50e1 1.50e1 1.50e1      0      0      0
      0      0      0      0      0      0      0      0      0      0
      0      0      0      0      0      0      0      0      0      0
      0      0      0      0      0      0      0      0      0      0
      0      0      0

      0      0      0      0      0      0      0      0      0      0
    0.0      0      0      0    0.05   0.1  0.155   0.25  0.315    0.4
  0.425   0.45   0.46   0.48   0.51   0.59   0.67   0.78   0.88   0.97
   1.06   1.15   1.28   1.35    1.4   1.45    1.5   1.55    1.6    1.7
      0      0      0      0      0      0      0      0      0      0
      0      0      0      0      0      0      0      0      0      0
      0      0      0      0      0      0      0      0      0      0
      0      0      0

      0    0.6    0.2      0      0      0      0      0      0      0
      0    0.4      1   1.75    2.2      2   1.65   1.15   0.75    0.2
    0.1      0      0      0      0      0      0      0      0      0
      0      0      0      0      0      0      0      0      0      0
      0      0      0      0      0      0      0      0      0      0
      0      0      0      0      0      0      0      0      0      0
      0      0      0      0      0      0      0      0      0      0
      0      0      0

      0   1.75  1.125   0.75    0.6    0.5   0.35   0.25    0.2   0.15
    0.2   0.35    0.8    1.3   1.65   1.55    1.2   0.85    0.2  0.125
    0.1    0.1      0      0      0      0      0      0      0      0
      0      0      0      0      0      0      0      0      0      0
      0      0      0      0      0      0      0      0      0      0
      0      0      0      0      0      0      0      0      0      0
      0      0      0      0      0      0      0      0      0      0
      0      0      0

      0    0.1    1.8    1.9    1.5    1.2      1   0.85   0.75   0.65
    0.6   0.45    0.3   0.25    0.2   0.25   0.25   0.17      0      0
      0      0      0      0      0      0      0      0      0      0
      0      0      0      0      0      0      0      0      0      0
      0      0      0      0      0      0      0      0      0      0
      0      0      0      0      0      0      0      0      0      0
      0      0      0      0      0      0      0      0      0      0
      0      0      0

      5     10   11.5     14     27     31     27     15     13   12.5
     12   11.5     11   10.5     10    9.8    9.5      9      9      9
      9      9      9      9      9      9      9      9      9      9
      9      9      9      9      9      9      9      0      0      0
      0      0      0      0      0      0      0      0      0      0
      0      0      0      0      0      0      0      0      0      0
      0      0      0      0      0      0      0      0      0      0
      0      0      0

      0      0      0      0      0      0      0      0      0      0
      0      0      0      0   0.04   0.12   0.38   0.66   0.85   0.96
   1.15   1.24   1.42   1.48   1.54   1.55   1.56   1.66   1.76   1.78
   1.76   1.72   1.70   1.65   1.60   1.60   1.60   1.55   1.50   1.50
      0      0      0      0      0      0      0      0      0      0
      0      0      0      0      0      0      0      0      0      0
      0      0      0      0      0      0      0      0      0      0
      0      0      0

      0      0      0      0      0      0    0.1    0.2    2.2    2.8
    2.6    1.2    0.8    0.3   0.06   0.01   0.00   0.00   0.00   0.00
   0.00   0.00   0.01   0.01   0.01   0.01   0.01      0      0      0
      0      0      0      0      0      0      0      0      0      0
      0      0      0      0      0      0      0      0      0      0
      0      0      0      0      0      0      0      0      0      0
      0      0      0      0      0      0      0      0      0      0
      0      0      0

      0      0      0      0      0      0      0      0      0      0
      0      0      0      0      0      0      0      0      0      0
      0      0      0      0      0      0      0      0      0      0
      0      0      0      0      0      0      0      0      0      0
      0      0      0      0      0      0      0      0      0      0
      0      0      0      0      0      0      0      0      0      0
      0      0      0      0      0      0      0      0      0      0
      0      0      0

      0      0      0      0      0      0      0      0      0      0
      0      0      0      0      0      0      0      0      0      0
      0      0      0      0      0      0      0      0      0      0
      0      0      0      0      0      0      0      0      0      0
      0      0      0      0      0      0      0      0      0      0
      0      0      0      0      0      0      0      0      0      0
      0      0      0      0      0      0      0      0      0      0
      0      0      0



      0      0      0      0      0      0      0      0      0      0
      0      0      0      0      0   0.03   0.06    0.1   0.15   0.23
   0.24   0.23   0.22   0.21    0.2   0.19   0.18   0.18   0.19   0.20
   0.22   0.23   0.245  0.26   0.275  0.29   0.305  0.32   0.33   0.35
      0      0      0      0      0      0      0      0      0      0
      0      0      0      0      0      0      0      0      0      0
      0      0      0      0      0      0      0      0      0      0
      0      0      0

      0      0      0      0      0      0      0      0      0      0
      0      0      0      0      0      0      0      0      0      0
      0      0      0      0      0      0      0      0   0.01  0.045
   0.07    0.1   0.13   0.17    0.2   0.23   0.27    0.3   0.33   0.37
    0.4      0      0      0      0      0      0      0      0      0
      0      0      0      0      0      0      0      0      0      0
      0      0      0      0      0      0      0      0      0      0
      0      0      0

      0      0      0      0      0      0      0      0      0      0
      0      0      0      0   0.02   0.06    0.1   0.14   0.18   0.19
    0.2   0.19   0.17   0.15   0.12   0.11    0.1    0.9    0.8    0.7
    0.6   0.55    0.5      0      0      0      0      0      0      0
      0      0      0      0      0      0      0      0      0      0
      0      0      0      0      0      0      0      0      0      0
      0      0      0      0      0      0      0      0      0      0
      0      0      0

      0      0      0      0      0      0      0      0      0      0
      0      0      0      0      0      0      0      0      0      0
   0.01   0.03   0.05  0.075    0.1  0.125   0.15  0.175    0.2   0.24
   0.28   0.33   0.38   0.43   0.49  0.545    0.60  0.66   0.72   0.77
   0.82      0      0      0      0      0      0      0      0      0
      0      0      0      0      0      0      0      0      0      0
      0      0      0      0      0      0      0      0      0      0
      0      0      0

      0      0      0      0      0      0      0      0      0      0
      0      0      0      0      0      0      0      0      0      0
      0      0      0      0      0      0      0      0      0      0
      0      0   0.03   0.04   0.05   0.07   0.09   0.11   0.13   0.15
   0.17      0      0      0      0      0      0      0      0      0
      0      0      0      0      0      0      0      0      0      0
      0      0      0      0      0      0      0      0      0      0
      0      0      0

      0      0      0      0      0      0      0      0      0      0
      0      0      0      0      0      0   0.12    0.2    0.3   0.35
    0.4   0.47   0.54    0.5   0.45    0.4   0.35   0.33    0.3   0.27
   0.25   0.23   0.21    0.2   0.18   0.17   0.16   0.15   0.14 0.1325
  0.125      0      0      0      0      0      0      0      0      0
      0      0      0      0      0      0      0      0      0      0
      0      0      0      0      0      0      0      0      0      0
      0      0      0

      0      0      0      0      0      0      0      0      0      0
      0      0      0      0   0.00    0.4   0.12    0.2   0.35   0.42
    0.5   0.55    0.6   0.57   0.53   0.49   0.45   0.43    0.4   0.37
   0.35   0.33    0.3   0.29   0.27   0.26   0.24   0.23   0.22   0.21
   0.20      0      0      0      0      0      0      0      0      0
      0      0      0      0      0      0      0      0      0      0
      0      0      0      0      0      0      0      0      0      0
      0      0      0

      0      0      0      0      0      0      0      0      0      0
      0      0      0      0      0      0   0.04   0.06   0.08    0.1
   0.13   0.15   0.17   0.20   0.22   0.24   0.26   0.28   0.31   0.33
   0.35   0.37    0.4   0.39   0.38   0.36   0.34   0.32    0.3   0.29
   0.27      0      0      0      0      0      0      0      0      0
      0      0      0      0      0      0      0      0      0      0
      0      0      0      0      0      0      0      0      0      0
      0      0      0















































