54 3
1    -0.0874    -1.2851
2    -1.4001    -1.6101
3    -1.4671    -0.1734   
4    -0.1174    +2.0870
5    -1.511     -1.5008
6    -0.6083    -0.8927
7    -3.6250    +0.7386
8    -0.4153    -0.6153 
9    +1.0287    +1.1927 
10   -0.5783    -0.9372
11   +0.5936    -0.4153
12   +0.8277    -1.4631
13   -1.4901    -1.3751
14   +0.4056    -0.7902 
15   -2.2708    +0.3675
16   -1.3181    +0.5251
17   -1.2102    +0.3533
18   -0.5673    +1.7072
19   +0.4556    -1.8781
20   +1.4281    +0.6862
21   +0.7857    +1.6878
22   +0.4156    -1.5421
23   -1.9509    -1.2733
24   -0.3375    +3.3480
25   -1.1562    +0.4463
26   +1.0707    +1.0856
27   -0.6773    -0.4898
28   -1.3051    -0.4806
29   -1.4521    -0.5353
30   +0.3605    -0.8172
31   -0.1024    -0.2984
32   -1.6801    +0.4966
33   -0.9602    +1.5578
34   +2.7809    +1.2565
35   -1.5531    -2.4267
36   +1.2277    -1.3561
37   +1.0857    -0.0574
38   -0.3694    +1.4058
39   -1.2182    +0.5256
40   +1.4608    +0.6801
41   +2.8909    +0.3255
42   +2.9009    +2.3564
43   +1.5338    -3.0701
44   +2.2359    -0.6553
45   +0.3505    -2.1407
46   +1.7108    +2.1489
47   -3.0750    -0.0774
48   -1.2821    -0.4453
49   -0.9852    -1.0252
50   +0.9077    +1.3321
51   -0.1302    +0.8177
52   -1.2172    -0.2874
53   +3.2909    -0.9992 
54   -0.4803    +0.5196
